      9   23
      5   67
      4   658
      4   184
      4   137
      3   74
      3   65
      3   48
      3   362
      3   338
      3   301
      3   234
      3   191
      3   19
      3   177
      3   136
      3   13
      3   120
      3   118
      3   117
      3   110
      3   108
      2   92
      2   91
      2   82
      2   80
      2   79
      2   77
      2   70
      2   66
      2   64
      2   59
      2   57
      2   51
      2   47
      2   45
      2   433
      2   43
      2   42
      2   41
      2   373
      2   37
      2   36
      2   344
      2   342
      2   334
      2   332
      2   328
      2   327
      2   317
      2   288
      2   282
      2   264
      2   263
      2   236
      2   228
      2   20
      2   187
      2   18
      2   179
      2   169
      2   168
      2   166
      2   165
      2   158
      2   14
      2   139
      2   138
      2   135
      2   133
      2   125
      2   102
      2   101
      2    99
      2    6
      1 ✖ 390 problems (369 errors, 21 warnings)
      1   99
      1   98
      1   96
      1   93
      1   9
      1   85
      1   84
      1   83
      1   81
      1   78
      1   76
      1   75
      1   71
      1   69
      1   688
      1   68
      1   655
      1   642
      1   641
      1   62
      1   614
      1   61
      1   6
      1   588
      1   584
      1   58
      1   573
      1   567
      1   56
      1   559
      1   54
      1   503
      1   49
      1   487
      1   483
      1   472
      1   470
      1   469
      1   46
      1   457
      1   455
      1   454
      1   452
      1   443
      1   440
      1   437
      1   435
      1   428
      1   424
      1   417
      1   406
      1   4 errors and 0 warnings potentially fixable with the `--fix` option.
      1   391
      1   39
      1   389
      1   384
      1   380
      1   38
      1   361
      1   357
      1   356
      1   353
      1   351
      1   350
      1   346
      1   341
      1   330
      1   33
      1   329
      1   326
      1   324
      1   319
      1   318
      1   316
      1   314
      1   313
      1   310
      1   31
      1   308
      1   306
      1   299
      1   296
      1   293
      1   290
      1   29
      1   284
      1   283
      1   281
      1   28
      1   277
      1   275
      1   272
      1   271
      1   27
      1   267
      1   262
      1   260
      1   257
      1   255
      1   254
      1   252
      1   251
      1   25
      1   248
      1   245
      1   241
      1   240
      1   24
      1   235
      1   224
      1   223
      1   222
      1   221
      1   22
      1   219
      1   218
      1   217
      1   216
      1   21
      1   207
      1   205
      1   203
      1   2
      1   198
      1   193
      1   192
      1   190
      1   189
      1   188
      1   185
      1   183
      1   178
      1   175
      1   171
      1   170
      1   167
      1   163
      1   161
      1   157
      1   152
      1   151
      1   148
      1   147
      1   142
      1   141
      1   132
      1   130
      1   127
      1   124
      1   123
      1   122
      1   12
      1   116
      1   113
      1   11
      1   107
      1   104
      1   100
      1    98
      1    97
      1    96
      1    94
      1    91
      1    90
      1    88
      1    8
      1    79
      1    76
      1    75
      1    74
      1    73
      1    67
      1    66
      1    64
      1    63
      1    53
      1    50
      1    5
      1    47
      1    45
      1    4
      1    38
      1    3
      1    14
      1    13
      1     6
      1     1
